       1       1      6.6900      1.2300      1.3020
       1       2      6.6900      1.7220      1.3192
       1       3      6.6900      2.2140      1.3364
       1       4      6.6900      2.7060      1.3535
       1       5      6.6900      3.1980      1.3707
       1       6      6.6900      3.6900      1.3879
       1       7      6.6900      4.1820      1.4051
       1       8      6.6900      4.6740      1.4223
       1       9      6.6900      5.1660      1.4394
       1      10      6.6900      5.6580      1.4566
       1      11      6.6900      6.1500      1.4738
       1      12      6.9266      1.2300      1.2896
       1      13      6.9266      1.7220      1.3068
       1      14      6.9266      2.2140      1.3240
       1      15      6.9266      2.7060      1.3411
       1      16      6.9266      3.1980      1.3583
       1      17      6.9266      3.6900      1.3755
       1      18      6.9266      4.1820      1.3927
       1      19      6.9266      4.6740      1.4099
       1      20      6.9266      5.1660      1.4270
       1      21      6.9266      5.6580      1.4442
       1      22      6.9266      6.1500      1.4614
       1      23      7.1632      1.2300      1.2772
       1      24      7.1632      1.7220      1.2944
       1      25      7.1632      2.2140      1.3116
       1      26      7.1632      2.7060      1.3287
       1      27      7.1632      3.1980      1.3459
       1      28      7.1632      3.6900      1.3631
       1      29      7.1632      4.1820      1.3803
       1      30      7.1632      4.6740      1.3975
       1      31      7.1632      5.1660      1.4146
       1      32      7.1632      5.6580      1.4318
       1      33      7.1632      6.1500      1.4490
       1      34      7.3998      1.2300      1.2648
       1      35      7.3998      1.7220      1.2820
       1      36      7.3998      2.2140      1.2992
       1      37      7.3998      2.7060      1.3163
       1      38      7.3998      3.1980      1.3335
       1      39      7.3998      3.6900      1.3507
       1      40      7.3998      4.1820      1.3679
       1      41      7.3998      4.6740      1.3851
       1      42      7.3998      5.1660      1.4022
       1      43      7.3998      5.6580      1.4194
       1      44      7.3998      6.1500      1.4366
       1      45      7.6365      1.2300      1.2524
       1      46      7.6365      1.7220      1.2696
       1      47      7.6365      2.2140      1.2868
       1      48      7.6365      2.7060      1.3039
       1      49      7.6365      3.1980      1.3211
       1      50      7.6365      3.6900      1.3383
       1      51      7.6365      4.1820      1.3555
       1      52      7.6365      4.6740      1.3727
       1      53      7.6365      5.1660      1.3898
       1      54      7.6365      5.6580      1.4070
       1      55      7.6365      6.1500      1.4242
       1      56      7.8731      1.2300      1.2400
       1      57      7.8731      1.7220      1.2572
       1      58      7.8731      2.2140      1.2744
       1      59      7.8731      2.7060      1.2915
       1      60      7.8731      3.1980      1.3087
       1      61      7.8731      3.6900      1.3259
       1      62      7.8731      4.1820      1.3431
       1      63      7.8731      4.6740      1.3603
       1      64      7.8731      5.1660      1.3774
       1      65      7.8731      5.6580      1.3946
       1      66      7.8731      6.1500      1.4118
       1      67      8.1097      1.2300      1.2276
       1      68      8.1097      1.7220      1.2448
       1      69      8.1097      2.2140      1.2620
       1      70      8.1097      2.7060      1.2791
       1      71      8.1097      3.1980      1.2963
       1      72      8.1097      3.6900      1.3135
       1      73      8.1097      4.1820      1.3307
       1      74      8.1097      4.6740      1.3479
       1      75      8.1097      5.1660      1.3650
       1      76      8.1097      5.6580      1.3822
       1      77      8.1097      6.1500      1.3994
       1      78      8.3463      1.2300      1.2152
       1      79      8.3463      1.7220      1.2324
       1      80      8.3463      2.2140      1.2496
       1      81      8.3463      2.7060      1.2667
       1      82      8.3463      3.1980      1.2839
       1      83      8.3463      3.6900      1.3011
       1      84      8.3463      4.1820      1.3183
       1      85      8.3463      4.6740      1.3355
       1      86      8.3463      5.1660      1.3526
       1      87      8.3463      5.6580      1.3698
       1      88      8.3463      6.1500      1.3870
       1      89      8.4056      6.1500      1.3839
       1      90      8.3786      6.3499      1.3944
       1      91      8.6618      6.1500      1.3705
       1      92      8.6299      6.3499      1.3815
       1      93      8.9180      6.1500      1.3570
       1      94      8.8811      6.3499      1.3686
       1      95      6.6900      6.1500      1.4738
       1      96      6.7034      6.5600      1.4881
       1      97      6.7168      6.9700      1.5024
       1      98      6.7302      7.3800      1.5168
       1      99      6.7436      7.7900      1.5311
       1     100      6.7570      8.2000      1.5454
       1     101      6.7703      8.6100      1.5597
       1     102      6.7837      9.0200      1.5740
       1     103      6.7971      9.4300      1.5884
       1     104      6.8105      9.8400      1.6027
       1     105      6.8239     10.2500      1.6170
       1     106      6.9351      6.1500      1.4610
       1     107      6.9387      6.5600      1.4763
       1     108      6.9423      6.9700      1.4917
       1     109      6.9458      7.3800      1.5070
       1     110      6.9494      7.7900      1.5223
       1     111      6.9530      8.2000      1.5377
       1     112      6.9566      8.6100      1.5530
       1     113      6.9602      9.0200      1.5684
       1     114      6.9638      9.4300      1.5837
       1     115      6.9674      9.8400      1.5991
       1     116      6.9710     10.2500      1.6144
       1     117      7.1802      6.1500      1.4481
       1     118      7.1739      6.5600      1.4645
       1     119      7.1677      6.9700      1.4809
       1     120      7.1615      7.3800      1.4972
       1     121      7.1553      7.7900      1.5136
       1     122      7.1491      8.2000      1.5300
       1     123      7.1429      8.6100      1.5464
       1     124      7.1367      9.0200      1.5627
       1     125      7.1305      9.4300      1.5791
       1     126      7.1243      9.8400      1.5955
       1     127      7.1180     10.2500      1.6119
       1     128      7.4252      6.1500      1.4353
       1     129      7.4092      6.5600      1.4527
       1     130      7.3932      6.9700      1.4701
       1     131      7.3772      7.3800      1.4875
       1     132      7.3612      7.7900      1.5049
       1     133      7.3452      8.2000      1.5223
       1     134      7.3292      8.6100      1.5397
       1     135      7.3131      9.0200      1.5571
       1     136      7.2971      9.4300      1.5745
       1     137      7.2811      9.8400      1.5919
       1     138      7.2651     10.2500      1.6093
       1     139      7.6703      6.1500      1.4224
       1     140      7.6445      6.5600      1.4409
       1     141      7.6187      6.9700      1.4593
       1     142      7.5929      7.3800      1.4777
       1     143      7.5671      7.7900      1.4961
       1     144      7.5413      8.2000      1.5146
       1     145      7.5154      8.6100      1.5330
       1     146      7.4896      9.0200      1.5514
       1     147      7.4638      9.4300      1.5699
       1     148      7.4380      9.8400      1.5883
       1     149      7.4122     10.2500      1.6067
       1     150      7.9154      6.1500      1.4096
       1     151      7.8798      6.5600      1.4290
       1     152      7.8442      6.9700      1.4485
       1     153      7.8086      7.3800      1.4680
       1     154      7.7729      7.7900      1.4874
       1     155      7.7373      8.2000      1.5069
       1     156      7.7017      8.6100      1.5263
       1     157      7.6661      9.0200      1.5458
       1     158      7.6305      9.4300      1.5652
       1     159      7.5949      9.8400      1.5847
       1     160      7.5593     10.2500      1.6042
       1     161      8.1605      6.1500      1.3967
       1     162      8.1151      6.5600      1.4172
       1     163      8.0696      6.9700      1.4377
       1     164      8.0242      7.3800      1.4582
       1     165      7.9788      7.7900      1.4787
       1     166      7.9334      8.2000      1.4992
       1     167      7.8880      8.6100      1.5197
       1     168      7.8426      9.0200      1.5401
       1     169      7.7972      9.4300      1.5606
       1     170      7.7517      9.8400      1.5811
       1     171      7.7063     10.2500      1.6016
       1     172      8.4056      6.1500      1.3839
       1     173      8.3503      6.5600      1.4054
       1     174      8.2951      6.9700      1.4269
       1     175      8.2399      7.3800      1.4484
       1     176      8.1847      7.7900      1.4699
       1     177      8.1295      8.2000      1.4915
       1     178      8.0743      8.6100      1.5130
       1     179      8.0190      9.0200      1.5345
       1     180      7.9638      9.4300      1.5560
       1     181      7.9086      9.8400      1.5775
       1     182      7.8534     10.2500      1.5990
       2     183      8.3463      1.2300      1.2152
       2     184      8.3463      1.7220      1.2324
       2     185      8.3463      2.2140      1.2496
       2     186      8.3463      2.7060      1.2667
       2     187      8.3463      3.1980      1.2839
       2     188      8.3463      3.6900      1.3011
       2     189      8.3463      4.1820      1.3183
       2     190      8.3463      4.6740      1.3355
       2     191      8.3463      5.1660      1.3526
       2     192      8.3463      5.6580      1.3698
       2     193      8.3463      6.1500      1.3870
       2     194      8.6321      1.2300      1.2002
       2     195      8.6321      1.7220      1.2174
       2     196      8.6321      2.2140      1.2346
       2     197      8.6321      2.7060      1.2518
       2     198      8.6321      3.1980      1.2689
       2     199      8.6321      3.6900      1.2861
       2     200      8.6321      4.1820      1.3033
       2     201      8.6321      4.6740      1.3205
       2     202      8.6321      5.1660      1.3377
       2     203      8.6321      5.6580      1.3548
       2     204      8.6321      6.1500      1.3720
       2     205      8.9180      1.2300      1.1852
       2     206      8.9180      1.7220      1.2024
       2     207      8.9180      2.2140      1.2196
       2     208      8.9180      2.7060      1.2368
       2     209      8.9180      3.1980      1.2540
       2     210      8.9180      3.6900      1.2711
       2     211      8.9180      4.1820      1.2883
       2     212      8.9180      4.6740      1.3055
       2     213      8.9180      5.1660      1.3227
       2     214      8.9180      5.6580      1.3399
       2     215      8.9180      6.1500      1.3570
       3     216      8.3786      6.3499      1.3944
       3     217      8.3130      6.8374      1.4200
       3     218      8.2473      7.3250      1.4455
       3     219      8.1817      7.8124      1.4711
       3     220      8.1160      8.2999      1.4967
       3     221      8.0504      8.7874      1.5223
       3     222      7.9847      9.2750      1.5479
       3     223      7.9190      9.7625      1.5734
       3     224      7.8534     10.2500      1.5990
       3     225      8.6299      6.3499      1.3815
       3     226      8.5520      6.8374      1.4083
       3     227      8.4742      7.3250      1.4352
       3     228      8.3963      7.8124      1.4621
       3     229      8.3185      8.2999      1.4889
       3     230      8.2407      8.7874      1.5158
       3     231      8.1628      9.2750      1.5426
       3     232      8.0850      9.7625      1.5695
       3     233      8.0071     10.2500      1.5963
       3     234      8.8811      6.3499      1.3686
       3     235      8.7911      6.8374      1.3967
       3     236      8.7010      7.3250      1.4249
       3     237      8.6110      7.8124      1.4530
       3     238      8.5210      8.2999      1.4811
       3     239      8.4310      8.7874      1.5092
       3     240      8.3409      9.2750      1.5374
       3     241      8.2509      9.7625      1.5655
       3     242      8.1609     10.2500      1.5937
