       1       1       1      6.8083      1.4760      1.3044  0.11641389 -0.00406526  0.00610099
       1       2       2      6.8083      1.9680      1.3216  0.11641389 -0.00406526  0.00610099
       1       3       3      6.8083      2.4600      1.3388  0.11641389 -0.00406526  0.00610099
       1       4       4      6.8083      2.9520      1.3559  0.11641389 -0.00406526  0.00610099
       1       5       5      6.8083      3.4440      1.3731  0.11641389 -0.00406526  0.00610099
       1       6       6      6.8083      3.9360      1.3903  0.11641389 -0.00406526  0.00610099
       1       7       7      6.8083      4.4280      1.4075  0.11641389 -0.00406526  0.00610099
       1       8       8      6.8083      4.9200      1.4247  0.11641389 -0.00406526  0.00610099
       1       9       9      6.8083      5.4120      1.4418  0.11641389 -0.00406526  0.00610099
       1      10      10      6.8083      5.9040      1.4590  0.11641389 -0.00406526  0.00610099
       1      11      11      7.0449      1.4760      1.2920  0.11641389 -0.00406526  0.00610099
       1      12      12      7.0449      1.9680      1.3092  0.11641389 -0.00406526  0.00610099
       1      13      13      7.0449      2.4600      1.3264  0.11641389 -0.00406526  0.00610099
       1      14      14      7.0449      2.9520      1.3435  0.11641389 -0.00406526  0.00610099
       1      15      15      7.0449      3.4440      1.3607  0.11641389 -0.00406526  0.00610099
       1      16      16      7.0449      3.9360      1.3779  0.11641389 -0.00406526  0.00610099
       1      17      17      7.0449      4.4280      1.3951  0.11641389 -0.00406526  0.00610099
       1      18      18      7.0449      4.9200      1.4123  0.11641389 -0.00406526  0.00610099
       1      19      19      7.0449      5.4120      1.4294  0.11641389 -0.00406526  0.00610099
       1      20      20      7.0449      5.9040      1.4466  0.11641389 -0.00406526  0.00610099
       1      21      21      7.2815      1.4760      1.2796  0.11641389 -0.00406526  0.00610099
       1      22      22      7.2815      1.9680      1.2968  0.11641389 -0.00406526  0.00610099
       1      23      23      7.2815      2.4600      1.3140  0.11641389 -0.00406526  0.00610099
       1      24      24      7.2815      2.9520      1.3311  0.11641389 -0.00406526  0.00610099
       1      25      25      7.2815      3.4440      1.3483  0.11641389 -0.00406526  0.00610099
       1      26      26      7.2815      3.9360      1.3655  0.11641389 -0.00406526  0.00610099
       1      27      27      7.2815      4.4280      1.3827  0.11641389 -0.00406526  0.00610099
       1      28      28      7.2815      4.9200      1.3999  0.11641389 -0.00406526  0.00610099
       1      29      29      7.2815      5.4120      1.4170  0.11641389 -0.00406526  0.00610099
       1      30      30      7.2815      5.9040      1.4342  0.11641389 -0.00406526  0.00610099
       1      31      31      7.5181      1.4760      1.2672  0.11641389 -0.00406526  0.00610099
       1      32      32      7.5181      1.9680      1.2844  0.11641389 -0.00406526  0.00610099
       1      33      33      7.5181      2.4600      1.3016  0.11641389 -0.00406526  0.00610099
       1      34      34      7.5181      2.9520      1.3187  0.11641389 -0.00406526  0.00610099
       1      35      35      7.5181      3.4440      1.3359  0.11641389 -0.00406526  0.00610099
       1      36      36      7.5181      3.9360      1.3531  0.11641389 -0.00406526  0.00610099
       1      37      37      7.5181      4.4280      1.3703  0.11641389 -0.00406526  0.00610099
       1      38      38      7.5181      4.9200      1.3875  0.11641389 -0.00406526  0.00610099
       1      39      39      7.5181      5.4120      1.4046  0.11641389 -0.00406526  0.00610099
       1      40      40      7.5181      5.9040      1.4218  0.11641389 -0.00406526  0.00610099
       1      41      41      7.7548      1.4760      1.2548  0.11641389 -0.00406526  0.00610099
       1      42      42      7.7548      1.9680      1.2720  0.11641389 -0.00406526  0.00610099
       1      43      43      7.7548      2.4600      1.2892  0.11641389 -0.00406526  0.00610099
       1      44      44      7.7548      2.9520      1.3063  0.11641389 -0.00406526  0.00610099
       1      45      45      7.7548      3.4440      1.3235  0.11641389 -0.00406526  0.00610099
       1      46      46      7.7548      3.9360      1.3407  0.11641389 -0.00406526  0.00610099
       1      47      47      7.7548      4.4280      1.3579  0.11641389 -0.00406526  0.00610099
       1      48      48      7.7548      4.9200      1.3751  0.11641389 -0.00406526  0.00610099
       1      49      49      7.7548      5.4120      1.3922  0.11641389 -0.00406526  0.00610099
       1      50      50      7.7548      5.9040      1.4094  0.11641389 -0.00406526  0.00610099
       1      51      51      7.9914      1.4760      1.2424  0.11641389 -0.00406526  0.00610099
       1      52      52      7.9914      1.9680      1.2596  0.11641389 -0.00406526  0.00610099
       1      53      53      7.9914      2.4600      1.2768  0.11641389 -0.00406526  0.00610099
       1      54      54      7.9914      2.9520      1.2939  0.11641389 -0.00406526  0.00610099
       1      55      55      7.9914      3.4440      1.3111  0.11641389 -0.00406526  0.00610099
       1      56      56      7.9914      3.9360      1.3283  0.11641389 -0.00406526  0.00610099
       1      57      57      7.9914      4.4280      1.3455  0.11641389 -0.00406526  0.00610099
       1      58      58      7.9914      4.9200      1.3627  0.11641389 -0.00406526  0.00610099
       1      59      59      7.9914      5.4120      1.3798  0.11641389 -0.00406526  0.00610099
       1      60      60      7.9914      5.9040      1.3970  0.11641389 -0.00406526  0.00610099
       1      61      61      8.2280      1.4760      1.2300  0.11641389 -0.00406526  0.00610099
       1      62      62      8.2280      1.9680      1.2472  0.11641389 -0.00406526  0.00610099
       1      63      63      8.2280      2.4600      1.2643  0.11641389 -0.00406526  0.00610099
       1      64      64      8.2280      2.9520      1.2815  0.11641389 -0.00406526  0.00610099
       1      65      65      8.2280      3.4440      1.2987  0.11641389 -0.00406526  0.00610099
       1      66      66      8.2280      3.9360      1.3159  0.11641389 -0.00406526  0.00610099
       1      67      67      8.2280      4.4280      1.3331  0.11641389 -0.00406526  0.00610099
       1      68      68      8.2280      4.9200      1.3503  0.11641389 -0.00406526  0.00610099
       1      69      69      8.2280      5.4120      1.3674  0.11641389 -0.00406526  0.00610099
       1      70      70      8.2280      5.9040      1.3846  0.11641389 -0.00406526  0.00610099
       1      71       1      8.5190      6.2499      1.3826  0.05071277 -0.00233995  0.00263156
       1      72       2      8.7727      6.2499      1.3694  0.05071277 -0.00240708  0.00263156
       1      73       1      6.8168      6.3550      1.4748  0.09847360 -0.00366698  0.00505540
       1      74       2      6.8253      6.7650      1.4896  0.09445519 -0.00351289  0.00463405
       1      75       3      6.8338      7.1750      1.5045  0.09043677 -0.00335880  0.00421269
       1      76       4      6.8423      7.5850      1.5193  0.08641837 -0.00320471  0.00379133
       1      77       5      6.8507      7.9950      1.5341  0.08239996 -0.00305062  0.00336998
       1      78       6      6.8592      8.4050      1.5490  0.07838154 -0.00289653  0.00294862
       1      79       7      6.8677      8.8150      1.5638  0.07436313 -0.00274243  0.00252726
       1      80       8      6.8762      9.2250      1.5786  0.07034472 -0.00258834  0.00210591
       1      81       9      6.8847      9.6350      1.5935  0.06632631 -0.00243425  0.00168455
       1      82      10      6.8932     10.0450      1.6083  0.06230791 -0.00228016  0.00126320
       1      83      11      7.0570      6.3550      1.4625  0.09847360 -0.00379297  0.00505540
       1      84      12      7.0557      6.7650      1.4783  0.09445519 -0.00363888  0.00463405
       1      85      13      7.0543      7.1750      1.4942  0.09043677 -0.00348478  0.00421269
       1      86      14      7.0530      7.5850      1.5101  0.08641836 -0.00333069  0.00379133
       1      87      15      7.0517      7.9950      1.5259  0.08239996 -0.00317660  0.00336998
       1      88      16      7.0504      8.4050      1.5418  0.07838154 -0.00302251  0.00294862
       1      89      17      7.0491      8.8150      1.5576  0.07436314 -0.00286842  0.00252726
       1      90      18      7.0478      9.2250      1.5735  0.07034472 -0.00271433  0.00210591
       1      91      19      7.0465      9.6350      1.5894  0.06632632 -0.00256023  0.00168455
       1      92      20      7.0452     10.0450      1.6052  0.06230791 -0.00240614  0.00126320
       1      93      21      7.2971      6.3550      1.4501  0.09847360 -0.00391895  0.00505540
       1      94      22      7.2860      6.7650      1.4670  0.09445519 -0.00376486  0.00463405
       1      95      23      7.2749      7.1750      1.4839  0.09043677 -0.00361077  0.00421269
       1      96      24      7.2638      7.5850      1.5008  0.08641837 -0.00345668  0.00379133
       1      97      25      7.2527      7.9950      1.5177  0.08239996 -0.00330258  0.00336998
       1      98      26      7.2416      8.4050      1.5346  0.07838154 -0.00314849  0.00294862
       1      99      27      7.2305      8.8150      1.5515  0.07436313 -0.00299440  0.00252726
       1     100      28      7.2194      9.2250      1.5684  0.07034472 -0.00284031  0.00210591
       1     101      29      7.2082      9.6350      1.5852  0.06632632 -0.00268622  0.00168455
       1     102      30      7.1971     10.0450      1.6021  0.06230791 -0.00253213  0.00126320
       1     103      31      7.5373      6.3550      1.4378  0.09847360 -0.00404493  0.00505540
       1     104      32      7.5164      6.7650      1.4557  0.09445519 -0.00389084  0.00463405
       1     105      33      7.4955      7.1750      1.4736  0.09043677 -0.00373675  0.00421269
       1     106      34      7.4746      7.5850      1.4916  0.08641837 -0.00358266  0.00379133
       1     107      35      7.4537      7.9950      1.5095  0.08239996 -0.00342857  0.00336998
       1     108      36      7.4328      8.4050      1.5274  0.07838154 -0.00327448  0.00294862
       1     109      37      7.4118      8.8150      1.5453  0.07436314 -0.00312038  0.00252726
       1     110      38      7.3909      9.2250      1.5632  0.07034473 -0.00296629  0.00210591
       1     111      39      7.3700      9.6350      1.5811  0.06632632 -0.00281220  0.00168455
       1     112      40      7.3491     10.0450      1.5990  0.06230791 -0.00265811  0.00126320
       1     113      41      7.7775      6.3550      1.4255  0.09847360 -0.00417092  0.00505540
       1     114      42      7.7468      6.7650      1.4444  0.09445519 -0.00401683  0.00463405
       1     115      43      7.7161      7.1750      1.4634  0.09043677 -0.00386273  0.00421269
       1     116      44      7.6854      7.5850      1.4823  0.08641836 -0.00370864  0.00379133
       1     117      45      7.6546      7.9950      1.5013  0.08239996 -0.00355455  0.00336998
       1     118      46      7.6239      8.4050      1.5202  0.07838154 -0.00340046  0.00294862
       1     119      47      7.5932      8.8150      1.5391  0.07436313 -0.00324637  0.00252726
       1     120      48      7.5625      9.2250      1.5581  0.07034472 -0.00309228  0.00210591
       1     121      49      7.5318      9.6350      1.5770  0.06632632 -0.00293818  0.00168455
       1     122      50      7.5011     10.0450      1.5960  0.06230791 -0.00278409  0.00126320
       1     123      51      8.0177      6.3550      1.4132  0.09847360 -0.00429690  0.00505540
       1     124      52      7.9772      6.7650      1.4331  0.09445519 -0.00414281  0.00463405
       1     125      53      7.9367      7.1750      1.4531  0.09043677 -0.00398872  0.00421269
       1     126      54      7.8961      7.5850      1.4731  0.08641836 -0.00383463  0.00379133
       1     127      55      7.8556      7.9950      1.4930  0.08239996 -0.00368053  0.00336998
       1     128      56      7.8151      8.4050      1.5130  0.07838154 -0.00352644  0.00294862
       1     129      57      7.7746      8.8150      1.5330  0.07436313 -0.00337235  0.00252726
       1     130      58      7.7341      9.2250      1.5529  0.07034472 -0.00321826  0.00210591
       1     131      59      7.6936      9.6350      1.5729  0.06632632 -0.00306417  0.00168455
       1     132      60      7.6530     10.0450      1.5929  0.06230790 -0.00291008  0.00126320
       1     133      61      8.2579      6.3550      1.4008  0.09847360 -0.00442288  0.00505540
       1     134      62      8.2075      6.7650      1.4218  0.09445519 -0.00426879  0.00463405
       1     135      63      8.1572      7.1750      1.4428  0.09043678 -0.00411470  0.00421269
       1     136      64      8.1069      7.5850      1.4638  0.08641837 -0.00396061  0.00379133
       1     137      65      8.0566      7.9950      1.4848  0.08239996 -0.00380652  0.00336998
       1     138      66      8.0063      8.4050      1.5058  0.07838154 -0.00365243  0.00294862
       1     139      67      7.9560      8.8150      1.5268  0.07436314 -0.00349833  0.00252726
       1     140      68      7.9056      9.2250      1.5478  0.07034473 -0.00334424  0.00210591
       1     141      69      7.8553      9.6350      1.5688  0.06632631 -0.00319015  0.00168455
       1     142      70      7.8050     10.0450      1.5898  0.06230791 -0.00303606  0.00126320
       2     143       1      8.4892      1.4760      1.2163  0.14063938 -0.00491123  0.00737060
       2     144       2      8.4892      1.9680      1.2335  0.14063938 -0.00491123  0.00737060
       2     145       3      8.4892      2.4600      1.2507  0.14063938 -0.00491123  0.00737060
       2     146       4      8.4892      2.9520      1.2678  0.14063938 -0.00491123  0.00737060
       2     147       5      8.4892      3.4440      1.2850  0.14063938 -0.00491123  0.00737060
       2     148       6      8.4892      3.9360      1.3022  0.14063938 -0.00491123  0.00737060
       2     149       7      8.4892      4.4280      1.3194  0.14063938 -0.00491123  0.00737060
       2     150       8      8.4892      4.9200      1.3366  0.14063938 -0.00491123  0.00737060
       2     151       9      8.4892      5.4120      1.3537  0.14063938 -0.00491123  0.00737060
       2     152      10      8.4892      5.9040      1.3709  0.14063938 -0.00491123  0.00737060
       2     153      11      8.7751      1.4760      1.2013  0.14063938 -0.00491123  0.00737060
       2     154      12      8.7751      1.9680      1.2185  0.14063938 -0.00491123  0.00737060
       2     155      13      8.7751      2.4600      1.2357  0.14063938 -0.00491123  0.00737060
       2     156      14      8.7751      2.9520      1.2529  0.14063938 -0.00491123  0.00737060
       2     157      15      8.7751      3.4440      1.2700  0.14063938 -0.00491123  0.00737060
       2     158      16      8.7751      3.9360      1.2872  0.14063938 -0.00491123  0.00737060
       2     159      17      8.7751      4.4280      1.3044  0.14063938 -0.00491123  0.00737060
       2     160      18      8.7751      4.9200      1.3216  0.14063938 -0.00491123  0.00737060
       2     161      19      8.7751      5.4120      1.3388  0.14063938 -0.00491123  0.00737060
       2     162      20      8.7751      5.9040      1.3559  0.14063938 -0.00491123  0.00737060
       3     163       1      8.4684      6.5936      1.4010  0.11950003 -0.00554653  0.00597926
       3     164       2      8.3966      7.0812      1.4273  0.11358415 -0.00531988  0.00535757
       3     165       3      8.3249      7.5687      1.4535  0.10762051 -0.00509099  0.00473362
       3     166       4      8.2531      8.0562      1.4797  0.10168138 -0.00486325  0.00411086
       3     167       5      8.1814      8.5437      1.5059  0.09574224 -0.00463550  0.00348811
       3     168       6      8.1096      9.0312      1.5321  0.08982137 -0.00440866  0.00286589
       3     169       7      8.0379      9.5188      1.5584  0.08386273 -0.00417997  0.00224246
       3     170       8      7.9661     10.0063      1.5846  0.07792359 -0.00395222  0.00161971
       3     171       9      8.7135      6.5936      1.3888  0.11950003 -0.00571025  0.00597926
       3     172      10      8.6296      7.0812      1.4163  0.11358415 -0.00548363  0.00535757
       3     173      11      8.5456      7.5687      1.4438  0.10762051 -0.00525471  0.00473362
       3     174      12      8.4617      8.0562      1.4713  0.10168138 -0.00502697  0.00411086
       3     175      13      8.3778      8.5437      1.4988  0.09574224 -0.00479922  0.00348811
       3     176      14      8.2939      9.0312      1.5263  0.08982137 -0.00457242  0.00286589
       3     177      15      8.2099      9.5188      1.5538  0.08386273 -0.00434369  0.00224246
       3     178      16      8.1260     10.0063      1.5812  0.07792359 -0.00411594  0.00161971
